Stuck, Activated Platelets, All Platelets, Innactive Platelets, Proteins, red blood cells, Frame,
0, 0, 2, 2, 0, 2, 100, 
0, 0, 4, 4, 0, 4, 200, 
0, 0, 6, 6, 0, 6, 300, 
0, 0, 8, 8, 0, 8, 400, 
0, 0, 10, 10, 1, 9, 500, 
0, 0, 12, 12, 1, 10, 600, 
0, 0, 13, 13, 1, 9, 700, 
0, 1, 15, 14, 1, 11, 800, 
0, 2, 17, 15, 3, 11, 900, 
0, 2, 17, 15, 4, 12, 1000, 
0, 3, 19, 16, 4, 12, 1100, 
0, 4, 19, 15, 8, 12, 1200, 
0, 4, 21, 17, 8, 13, 1300, 
0, 4, 21, 17, 8, 14, 1400, 
0, 6, 22, 16, 15, 13, 1500, 
0, 7, 23, 16, 15, 14, 1600, 
0, 7, 23, 16, 15, 15, 1700, 
0, 7, 23, 16, 22, 15, 1800, 
0, 7, 23, 16, 22, 17, 1900, 
0, 7, 25, 18, 23, 16, 2000, 
0, 7, 25, 18, 30, 16, 2100, 
0, 8, 24, 16, 30, 17, 2200, 
0, 9, 26, 17, 30, 15, 2300, 
0, 9, 26, 17, 39, 16, 2400, 
0, 9, 28, 19, 40, 16, 2500, 
0, 9, 30, 21, 40, 16, 2600, 
0, 11, 30, 19, 51, 17, 2700, 
0, 12, 27, 15, 51, 17, 2800, 
0, 12, 29, 17, 51, 14, 2900, 
0, 13, 31, 18, 65, 15, 3000, 
0, 14, 33, 19, 65, 15, 3100, 
0, 14, 33, 19, 65, 15, 3200, 
0, 16, 35, 19, 81, 15, 3300, 
0, 17, 36, 19, 81, 13, 3400, 
0, 17, 34, 17, 82, 14, 3500, 
0, 17, 33, 16, 99, 14, 3600, 
0, 17, 35, 18, 98, 15, 3700, 
0, 17, 36, 19, 98, 15, 3800, 
0, 19, 36, 17, 117, 15, 3900, 
0, 19, 34, 15, 117, 15, 4000, 
0, 19, 34, 15, 117, 15, 4100, 
0, 20, 36, 16, 137, 15, 4200, 
0, 20, 37, 17, 137, 15, 4300, 
0, 23, 39, 16, 133, 16, 4400, 
0, 23, 39, 16, 157, 15, 4500, 
0, 24, 41, 17, 154, 15, 4600, 
0, 24, 40, 16, 154, 16, 4700, 
0, 24, 41, 17, 178, 17, 4800, 
0, 24, 40, 16, 178, 17, 4900, 
0, 26, 40, 14, 176, 17, 5000, 
